Data X,Data Y,Data Z
1.331586504,0.117475661,0.133137497
0.715278974,-1.907456888,-1.7449211650713516
-1.545400292,-0.922909265,-1.285615215664882
-0.00838385,0.469751434,-2.1131890387030725
0.621335974,2.374014948031947,-1.130475287
-0.720085561,-0.372622756128972,-1.941299681
0.265511586,0.39097023363247796,0.986597817
0.108548526,1.7950327462092157,0.028227367
0.004291431,-1.5978562438743897,-0.822367598
-0.174600211,-0.9648683273870986,-1.586551761
0.43302619,-0.9374165170951883,-0.401472819
1.203037374,3.1451868410239863,1.342179284
-0.965065671,-2.061280227647818,0.402469093
1.028274078,-2.204314568960503,-0.372761416
0.22863013,-0.7621299703962201,-0.672023436
0.445137613,1.8828000797705697,0.105812083
-1.136602212,-1.5641349394276174,-1.547305391
0.135136878,3.2909913620283517,1.344806511
1.484537002,2.756918465991535,0.503189182
-1.079804886,1.7823072260583208,1.194350602
-1.977728281,-0.7419151196099966,-0.563505671
-1.743372296,-0.12952670688040757,0.854828756
0.266070164,0.14187982225895612,0.687904726
2.384967331,0.9470428704754145,-1.533068718
1.123691253,-0.9885721660861749,0.148960701
1.672622213,-2.092228211179184,0.315111168
0.099149216,1.022516107,-0.574917664
1.397996377,0.166810267,-0.360171134
-0.271247988,1.656716624,0.436185297
0.613204185,0.667889609,-0.037917882
-0.267317189,-0.229946644,-1.004716353
-0.549309014,-1.129551194,0.591453087
0.132708296,-0.639962604,-1.2551689227690548
-0.476142015,0.313830522,-0.22614042949505317
1.308473081,-1.225835981,0.4674898268132141
0.8479487726334246,-0.221793136,-1.2560881016874008
2.1024210303764943,1.33992631,3.175334912579724
-0.7188900997639154,0.029309711,-1.2440657312666012
2.3954945397950156,1.985385746,1.0768348901259466
0.23048328966591664,1.447165601,0.15713525380691928
0.076241530835228,-0.287629414,-2.017718653
-0.6080640151384078,-1.359310573,0.540540713
-2.642919990836843,-0.048041325,-1.442298883
-2.4569680069328586,-0.48078734,-1.608850363
-3.2604901122626972,0.377753086,-1.006568562
0.4474188950180721,1.614407974,-0.257533625
2.0857695114008874,-1.123104035,0.730507447
-2.8004337499981897,-0.388727947,-1.698401491
0.37382612893938205,0.33234995,1.674075546
-0.147420258,1.134973173,1.1637237
-0.025905337,0.510714411,-0.132573593
0.289094204,0.414297641,-0.290245809
-0.539879071,1.344549423,-0.953532418
0.70816002,0.493515317,0.588040594
0.842224738,-0.237004185,0.068801471
0.203580797,0.05728515,1.412064304
2.394703665,-0.707071447,-0.686215615
0.917458938,0.546664838,0.547943927
-0.112272471,0.942500409,-0.036382538
-0.362180447,-2.979596771,-0.847016253
-0.232182256,2.4254702987361485,1.902304042
-0.5017289,-0.3060106028290892,0.279605392
1.128785153,1.378122863142889,0.620254502
-0.69781003,-0.6242854451974547,-1.068567708
-0.081122184,0.33749296853300426,-0.722620734
-0.529296081,-0.01664432202917951,0.084139555
1.046182857,-0.416676010696225,-0.584455157
-1.418556029,-0.2665002308141568,0.602022271
-0.362499183,0.7469542516050789,0.438365239
-0.121905691,-1.5190920262671288,-0.782343194
0.319356421,-1.711071197,0.192935984
0.460902902,0.612297312,0.004024912
-0.215789892,1.100129374,-0.164075291
0.989072457,0.564352526,-1.148812264
0.314753779,-0.712799437,-0.835508504
2.467651056,-0.260859479,0.210450728
-1.508321487,0.548428066,1.013984631
0.620600663,0.60319905,-0.970197823
-1.045132538,1.006861139,-0.02019277287153915
-0.798008818,-0.294426007,-2.4946129190360598
1.985084591,-1.420880515,-0.5161983342344973
1.744814148,-0.678946775,0.7610666947607921
-1.856185481,0.533884809,-2.30891921219676
-0.222773699,0.743974404,0.022167601757086333
-0.065847848,2.225049639,1.6469822702748314
-2.131712108,0.11718142,-1.4473859386162196
-0.048830511,0.24461452,0.9841134723335605
0.393341217,-0.177298823,0.6307899245983255
0.217265145,-0.405729528,-0.8613958780750184
-1.99439377,0.78177519,0.04584985337502895
1.107708235,0.353477614,-0.857522515
0.244543977,-0.207279486,-0.364278086
-0.061912029,-1.079697384,0.503926901
-0.753892961,-0.123069829,0.188331215
0.711959017,-0.390982185,0.5557241823532914
0.918269151,1.255173732,0.356939067
-0.482093139,0.947126078,0.207329567
0.089587613,0.7256790669374796,-0.145064537
0.826998623,1.167168368,0.163904253
-1.95451212,-0.571976813,0.829512484
20.75529996,20.501866791706462,20.48500263
20.87948569,20.34947641,18.34139529
23.912249155407114,22.717969595247748,22.67991031
19.30494335,20.23933927,18.89647787
