Data X,Data Y,Data Z
1.331586504,0.117475661,0.133137497
0.099149216,1.022516107,-0.574917664
1.397996377,0.166810267,-0.360171134
-0.271247988,1.656716624,0.436185297
0.613204185,0.667889609,-0.037917882
-0.267317189,-0.229946644,-1.004716353
-0.549309014,-1.129551194,0.591453087
-0.147420258,1.134973173,1.1637237
-0.025905337,0.510714411,-0.132573593
0.289094204,0.414297641,-0.290245809
-0.539879071,1.344549423,-0.953532418
0.70816002,0.493515317,0.588040594
0.842224738,-0.237004185,0.068801471
0.203580797,0.05728515,1.412064304
2.394703665,-0.707071447,-0.686215615
0.917458938,0.546664838,0.547943927
-0.112272471,0.942500409,-0.036382538
-0.362180447,-2.979596771,-0.847016253
0.319356421,-1.711071197,0.192935984
0.460902902,0.612297312,0.004024912
-0.215789892,1.100129374,-0.164075291
0.989072457,0.564352526,-1.148812264
0.314753779,-0.712799437,-0.835508504
2.467651056,-0.260859479,0.210450728
-1.508321487,0.548428066,1.013984631
0.620600663,0.60319905,-0.970197823
1.107708235,0.353477614,-0.857522515
0.244543977,-0.207279486,-0.364278086
-0.061912029,-1.079697384,0.503926901
-0.753892961,-0.123069829,0.188331215
0.918269151,1.255173732,0.356939067
-0.482093139,0.947126078,0.207329567
0.826998623,1.167168368,0.163904253
-1.95451212,-0.571976813,0.829512484
20.87948569,20.34947641,18.34139529
19.30494335,20.23933927,18.89647787
